#
# STELLAR LUMINOSITY TABULAR VALUES - EXAMPLE FILE
#
#--- The stellar luminosity file should have this format
#...... 3 columns (age [yr], bolometric luminosity [erg/s], XUV luminosity [erg/s]), separated by a blank space
#...... Any line starting with # is skipped
#
#--- No extrapolation is done by JADE
#...... For times outside the age range defined here, the luminosities of the age boundaries will be used
#...... Be sure to define a wide enough age range to cover the entire simulation to avoid unphysical situations
#
# age (yr)    Lbol (erg/s)  Lxuv (erg/s)     
#
6.110348e+06  1.903472e+32  8.800477e+29
6.259915e+06  1.899138e+32  8.782792e+29
6.409483e+06  1.894857e+32  8.765321e+29
6.559051e+06  1.890586e+32  8.747884e+29
6.708619e+06  1.886368e+32  8.730660e+29
6.858186e+06  1.882160e+32  8.713470e+29
7.007754e+06  1.877961e+32  8.696313e+29
7.157322e+06  1.873814e+32  8.679367e+29
7.306890e+06  1.869720e+32  8.662630e+29
7.456458e+06  1.865591e+32  8.645750e+29
7.606025e+06  1.861558e+32  8.629254e+29
7.755593e+06  1.857490e+32  8.612614e+29
7.905161e+06  1.853517e+32  8.596355e+29
8.054729e+06  1.849509e+32  8.579953e+29
8.204296e+06  1.845553e+32  8.563757e+29
8.353864e+06  1.841647e+32  8.547764e+29
8.503432e+06  1.837708e+32  8.531629e+29
8.653000e+06  1.833861e+32  8.515870e+29
8.802568e+06  1.829981e+32  8.499967e+29
8.952135e+06  1.826150e+32  8.484267e+29
9.101703e+06  1.822370e+32  8.468768e+29
9.251271e+06  1.818597e+32  8.453297e+29
9.400839e+06  1.814832e+32  8.437854e+29
9.550406e+06  1.811117e+32  8.422611e+29
9.699974e+06  1.807409e+32  8.407396e+29
9.849542e+06  1.803709e+32  8.392208e+29
9.999110e+06  1.800058e+32  8.377218e+29
1.014868e+07  1.796414e+32  8.362255e+29
1.029824e+07  1.792819e+32  8.347488e+29
1.044781e+07  1.789231e+32  8.332747e+29
1.059738e+07  1.785651e+32  8.318033e+29
1.074695e+07  1.782118e+32  8.303513e+29
1.089652e+07  1.778634e+32  8.289187e+29
1.104608e+07  1.775156e+32  8.274886e+29
1.119565e+07  1.771726e+32  8.260777e+29
1.134522e+07  1.768302e+32  8.246693e+29
1.149479e+07  1.764885e+32  8.232633e+29
1.164436e+07  1.761516e+32  8.218763e+29
1.179392e+07  1.758152e+32  8.204917e+29
1.194349e+07  1.754795e+32  8.191095e+29
1.209306e+07  1.751485e+32  8.177462e+29
1.224263e+07  1.748181e+32  8.163852e+29
1.239219e+07  1.744884e+32  8.150264e+29
1.254176e+07  1.741632e+32  8.136864e+29
1.269133e+07  1.738387e+32  8.123487e+29
1.284090e+07  1.735188e+32  8.110296e+29
1.299047e+07  1.731994e+32  8.097127e+29
1.314003e+07  1.728807e+32  8.083980e+29
1.328960e+07  1.725665e+32  8.071017e+29
1.343917e+07  1.722489e+32  8.057912e+29
1.358874e+07  1.719398e+32  8.045155e+29
1.373830e+07  1.716273e+32  8.032255e+29
1.388787e+07  1.713194e+32  8.019539e+29
1.403744e+07  1.710120e+32  8.006843e+29
1.418701e+07  1.707090e+32  7.994330e+29
1.433658e+07  1.704066e+32  7.981836e+29
1.448614e+07  1.701048e+32  7.969361e+29
1.463571e+07  1.698034e+32  7.956907e+29
1.478528e+07  1.695065e+32  7.944633e+29
1.493485e+07  1.692102e+32  7.932378e+29
1.508441e+07  1.689182e+32  7.920303e+29
1.523398e+07  1.686268e+32  7.908247e+29
1.538355e+07  1.683358e+32  7.896209e+29
1.553312e+07  1.680453e+32  7.884189e+29
1.568269e+07  1.677593e+32  7.872347e+29
1.583225e+07  1.674736e+32  7.860524e+29
1.598182e+07  1.671885e+32  7.848718e+29
1.613139e+07  1.669077e+32  7.837089e+29
1.628096e+07  1.666274e+32  7.825478e+29
1.643052e+07  1.663476e+32  7.813883e+29
1.658009e+07  1.660720e+32  7.802465e+29
1.672966e+07  1.657969e+32  7.791063e+29
1.687923e+07  1.655223e+32  7.779678e+29
1.702880e+07  1.652481e+32  7.768310e+29
1.717836e+07  1.649782e+32  7.757115e+29
1.732793e+07  1.647087e+32  7.745937e+29
1.747750e+07  1.644396e+32  7.734776e+29
1.762707e+07  1.641748e+32  7.723787e+29
1.777663e+07  1.639104e+32  7.712813e+29
1.792620e+07  1.636464e+32  7.701856e+29
1.807577e+07  1.633866e+32  7.691070e+29
1.822534e+07  1.631272e+32  7.680300e+29
1.837490e+07  1.628683e+32  7.669544e+29
1.852447e+07  1.626097e+32  7.658804e+29
1.867404e+07  1.623404e+32  7.647613e+29
1.882361e+07  1.620752e+32  7.636593e+29
1.897318e+07  1.618104e+32  7.625589e+29
1.912274e+07  1.615461e+32  7.614601e+29
1.927231e+07  1.612822e+32  7.603629e+29
1.942188e+07  1.610225e+32  7.592828e+29
1.957145e+07  1.607631e+32  7.582041e+29
1.972102e+07  1.605042e+32  7.571270e+29
1.987058e+07  1.602494e+32  7.560668e+29
2.002015e+07  1.599913e+32  7.549927e+29
2.016972e+07  1.597410e+32  7.539508e+29
2.031929e+07  1.594874e+32  7.528950e+29
2.046885e+07  1.592379e+32  7.518560e+29
2.061842e+07  1.589888e+32  7.508185e+29
2.076799e+07  1.587400e+32  7.497823e+29
2.091756e+07  1.584953e+32  7.487628e+29
2.106713e+07  1.582474e+32  7.477295e+29
2.121669e+07  1.580071e+32  7.467280e+29
2.136626e+07  1.577635e+32  7.457127e+29
2.151583e+07  1.575239e+32  7.447139e+29
2.166540e+07  1.572847e+32  7.437164e+29
2.181496e+07  1.570459e+32  7.427203e+29
2.196453e+07  1.568074e+32  7.417255e+29
2.211410e+07  1.565729e+32  7.407470e+29
2.226367e+07  1.563387e+32  7.397699e+29
2.241324e+07  1.561049e+32  7.387941e+29
2.256280e+07  1.558750e+32  7.378345e+29
2.271237e+07  1.556455e+32  7.368762e+29
2.286194e+07  1.554163e+32  7.359192e+29
2.301151e+07  1.551874e+32  7.349634e+29
2.316107e+07  1.549625e+32  7.340237e+29
2.331064e+07  1.547378e+32  7.330853e+29
2.346021e+07  1.545135e+32  7.321480e+29
2.360978e+07  1.542931e+32  7.312268e+29
2.375934e+07  1.540694e+32  7.302920e+29
2.390891e+07  1.538496e+32  7.293731e+29
2.405848e+07  1.536302e+32  7.284554e+29
2.420805e+07  1.534145e+32  7.275536e+29
2.435762e+07  1.531992e+32  7.266530e+29
2.450718e+07  1.529842e+32  7.257535e+29
2.465675e+07  1.527694e+32  7.248551e+29
2.480632e+07  1.525550e+32  7.239578e+29
2.495589e+07  1.523444e+32  7.230763e+29
2.510546e+07  1.521341e+32  7.221959e+29
2.525502e+07  1.519240e+32  7.213165e+29
2.540459e+07  1.517178e+32  7.204529e+29
2.555416e+07  1.515118e+32  7.195903e+29
2.570373e+07  1.513061e+32  7.187287e+29
2.585329e+07  1.511007e+32  7.178682e+29
2.600286e+07  1.508956e+32  7.170087e+29
2.615243e+07  1.506942e+32  7.161648e+29
2.630200e+07  1.504931e+32  7.153219e+29
2.645156e+07  1.502922e+32  7.144799e+29
2.660113e+07  1.500951e+32  7.136535e+29
2.675070e+07  1.498948e+32  7.128135e+29
2.690027e+07  1.496982e+32  7.119890e+29
2.704984e+07  1.495018e+32  7.111655e+29
2.719940e+07  1.493092e+32  7.103573e+29
2.734897e+07  1.491133e+32  7.095356e+29
2.749854e+07  1.489212e+32  7.087293e+29
2.764811e+07  1.487293e+32  7.079239e+29
2.779768e+07  1.485410e+32  7.071338e+29
2.794724e+07  1.483496e+32  7.063302e+29
2.809681e+07  1.481619e+32  7.055419e+29
2.824638e+07  1.479744e+32  7.047544e+29
2.839595e+07  1.477871e+32  7.039678e+29
2.854551e+07  1.476034e+32  7.031964e+29
2.869508e+07  1.474166e+32  7.024116e+29
2.884465e+07  1.472334e+32  7.016419e+29
2.899422e+07  1.470505e+32  7.008730e+29
2.914378e+07  1.468711e+32  7.001192e+29
2.929335e+07  1.466886e+32  6.993521e+29
2.944292e+07  1.465097e+32  6.985999e+29
2.959249e+07  1.463310e+32  6.978486e+29
2.974206e+07  1.461526e+32  6.970980e+29
2.989162e+07  1.459743e+32  6.963483e+29
3.004119e+07  1.457996e+32  6.956135e+29
3.019076e+07  1.456252e+32  6.948795e+29
3.034033e+07  1.454509e+32  6.941463e+29
3.048990e+07  1.452769e+32  6.934138e+29
3.063946e+07  1.451064e+32  6.926962e+29
3.078903e+07  1.449327e+32  6.919653e+29
3.093860e+07  1.447626e+32  6.912491e+29
3.108817e+07  1.445927e+32  6.905338e+29
3.123773e+07  1.444230e+32  6.898191e+29
3.138730e+07  1.442569e+32  6.891192e+29
3.153687e+07  1.440909e+32  6.884201e+29
3.168644e+07  1.439251e+32  6.877216e+29
3.183600e+07  1.437595e+32  6.870238e+29
3.198557e+07  1.435941e+32  6.863268e+29
3.213514e+07  1.434288e+32  6.856304e+29
3.228471e+07  1.432671e+32  6.849487e+29
3.243428e+07  1.431056e+32  6.842677e+29
3.258384e+07  1.429442e+32  6.835873e+29
3.273341e+07  1.427863e+32  6.829215e+29
3.288298e+07  1.426253e+32  6.822424e+29
3.303255e+07  1.424677e+32  6.815779e+29
3.318211e+07  1.423103e+32  6.809141e+29
3.333168e+07  1.421531e+32  6.802508e+29
3.348125e+07  1.419961e+32  6.795883e+29
3.363082e+07  1.418393e+32  6.789264e+29
3.378039e+07  1.416859e+32  6.782789e+29
3.392995e+07  1.415326e+32  6.776320e+29
3.407952e+07  1.413795e+32  6.769857e+29
3.422909e+07  1.412266e+32  6.763401e+29
3.437866e+07  1.410738e+32  6.756950e+29
3.452822e+07  1.409245e+32  6.750643e+29
3.467779e+07  1.407721e+32  6.744205e+29
3.482736e+07  1.406230e+32  6.737910e+29
3.497693e+07  1.404742e+32  6.731621e+29
3.512650e+07  1.403287e+32  6.725474e+29
3.527606e+07  1.401801e+32  6.719197e+29
3.542563e+07  1.400350e+32  6.713061e+29
3.557520e+07  1.398867e+32  6.706795e+29
3.572477e+07  1.397418e+32  6.700671e+29
3.587434e+07  1.396003e+32  6.694689e+29
3.602390e+07  1.393146e+32  6.682604e+29
3.617347e+07  1.391735e+32  6.676638e+29
3.632304e+07  1.390325e+32  6.670677e+29
3.647261e+07  1.388918e+32  6.664721e+29
3.662217e+07  1.387511e+32  6.658771e+29
3.677174e+07  1.386138e+32  6.652961e+29
3.692131e+07  1.384766e+32  6.647156e+29
3.707088e+07  1.383396e+32  6.641356e+29
3.722044e+07  1.382027e+32  6.635561e+29
3.737001e+07  1.380659e+32  6.629772e+29
3.751958e+07  1.379325e+32  6.624122e+29
3.766915e+07  1.377960e+32  6.618342e+29
3.781872e+07  1.376628e+32  6.612702e+29
3.796828e+07  1.375297e+32  6.607066e+29
3.811785e+07  1.373968e+32  6.601436e+29
3.826742e+07  1.372639e+32  6.595810e+29
3.841699e+07  1.371344e+32  6.590322e+29
3.856656e+07  1.370019e+32  6.584706e+29
3.871612e+07  1.368726e+32  6.579228e+29
3.886569e+07  1.367434e+32  6.573755e+29
3.901526e+07  1.366144e+32  6.568286e+29
3.916483e+07  1.364886e+32  6.562955e+29
3.931439e+07  1.363598e+32  6.557495e+29
3.946396e+07  1.362343e+32  6.552173e+29
3.961353e+07  1.361058e+32  6.546722e+29
3.976310e+07  1.359805e+32  6.541408e+29
3.991266e+07  1.358553e+32  6.536099e+29
4.006223e+07  1.357333e+32  6.530927e+29
4.021180e+07  1.356084e+32  6.525626e+29
4.036137e+07  1.354866e+32  6.520462e+29
4.051094e+07  1.353619e+32  6.515170e+29
4.066050e+07  1.352404e+32  6.510014e+29
4.081007e+07  1.351190e+32  6.504863e+29
4.095964e+07  1.349977e+32  6.499715e+29
4.110921e+07  1.348797e+32  6.494703e+29
4.125877e+07  1.347586e+32  6.489564e+29
4.140834e+07  1.346407e+32  6.484560e+29
4.155791e+07  1.345230e+32  6.479560e+29
4.170748e+07  1.344053e+32  6.474564e+29
4.185705e+07  1.342878e+32  6.469572e+29
4.200661e+07  1.341703e+32  6.464584e+29
4.215618e+07  1.340530e+32  6.459600e+29
4.230575e+07  1.339388e+32  6.454750e+29
4.245532e+07  1.338217e+32  6.449773e+29
4.260488e+07  1.337077e+32  6.444931e+29
4.275445e+07  1.335939e+32  6.440093e+29
4.290402e+07  1.334801e+32  6.435258e+29
4.305359e+07  1.333695e+32  6.430557e+29
4.320316e+07  1.332559e+32  6.425729e+29
4.335272e+07  1.331455e+32  6.421036e+29
4.350229e+07  1.330321e+32  6.416215e+29
4.365186e+07  1.329219e+32  6.411529e+29
4.380143e+07  1.328117e+32  6.406845e+29
4.395099e+07  1.327017e+32  6.402165e+29
4.410056e+07  1.325917e+32  6.397489e+29
4.425013e+07  1.324849e+32  6.392946e+29
4.439970e+07  1.323752e+32  6.388276e+29
4.454927e+07  1.322685e+32  6.383739e+29
4.469883e+07  1.321620e+32  6.379206e+29
4.484840e+07  1.320555e+32  6.374676e+29
4.499797e+07  1.319491e+32  6.370149e+29
4.514754e+07  1.318428e+32  6.365625e+29
4.529710e+07  1.317366e+32  6.361104e+29
4.544667e+07  1.316335e+32  6.356716e+29
4.559624e+07  1.315275e+32  6.352202e+29
4.574581e+07  1.314245e+32  6.347820e+29
4.589538e+07  1.313217e+32  6.343441e+29
4.604494e+07  1.312189e+32  6.339065e+29
4.619451e+07  1.311162e+32  6.334692e+29
4.634408e+07  1.310166e+32  6.330450e+29
4.649365e+07  1.309141e+32  6.326083e+29
4.664321e+07  1.308147e+32  6.321847e+29
4.679278e+07  1.307123e+32  6.317486e+29
4.694235e+07  1.306130e+32  6.313256e+29
4.709192e+07  1.305138e+32  6.309029e+29
4.724149e+07  1.304147e+32  6.304805e+29
4.739105e+07  1.303156e+32  6.300583e+29
4.754062e+07  1.302166e+32  6.296365e+29
4.769019e+07  1.301207e+32  6.292277e+29
4.783976e+07  1.300219e+32  6.288064e+29
4.798932e+07  1.299261e+32  6.283981e+29
4.813889e+07  1.298304e+32  6.279901e+29
4.828846e+07  1.297348e+32  6.275824e+29
4.843803e+07  1.296392e+32  6.271749e+29
4.858760e+07  1.295438e+32  6.267677e+29
4.873716e+07  1.294483e+32  6.263608e+29
4.888673e+07  1.293560e+32  6.259668e+29
4.903630e+07  1.292607e+32  6.255604e+29
4.918587e+07  1.291685e+32  6.251669e+29
4.933543e+07  1.290763e+32  6.247737e+29
4.948500e+07  1.289842e+32  6.243807e+29
4.963457e+07  1.288922e+32  6.239880e+29
4.978414e+07  1.288002e+32  6.235955e+29
4.993371e+07  1.287083e+32  6.232033e+29
5.008327e+07  1.286194e+32  6.228240e+29
5.023284e+07  1.285276e+32  6.224322e+29
5.038241e+07  1.284389e+32  6.220534e+29
5.053198e+07  1.283502e+32  6.216747e+29
5.068154e+07  1.282615e+32  6.212963e+29
5.083111e+07  1.281700e+32  6.209056e+29
5.098068e+07  1.280845e+32  6.205402e+29
5.113025e+07  1.279960e+32  6.201625e+29
5.127982e+07  1.279076e+32  6.197850e+29
5.142938e+07  1.278223e+32  6.194204e+29
5.157895e+07  1.277340e+32  6.190433e+29
5.172852e+07  1.276487e+32  6.186791e+29
5.187809e+07  1.275635e+32  6.183151e+29
5.202765e+07  1.274754e+32  6.179387e+29
5.217722e+07  1.273903e+32  6.175751e+29
5.232679e+07  1.273082e+32  6.172243e+29
5.247636e+07  1.272232e+32  6.168611e+29
5.262592e+07  1.271383e+32  6.164982e+29
5.277549e+07  1.270564e+32  6.161479e+29
5.292506e+07  1.269716e+32  6.157854e+29
5.307463e+07  1.268897e+32  6.154356e+29
5.322420e+07  1.268079e+32  6.150859e+29
5.337376e+07  1.267262e+32  6.147365e+29
5.352333e+07  1.266445e+32  6.143873e+29
5.367290e+07  1.265629e+32  6.140383e+29
5.382247e+07  1.264813e+32  6.136894e+29
5.397203e+07  1.263998e+32  6.133408e+29
5.412160e+07  1.263213e+32  6.130048e+29
5.427117e+07  1.262399e+32  6.126566e+29
5.442074e+07  1.261614e+32  6.123210e+29
5.457031e+07  1.260801e+32  6.119731e+29
5.471987e+07  1.260017e+32  6.116379e+29
5.486944e+07  1.259234e+32  6.113028e+29
5.501901e+07  1.258451e+32  6.109679e+29
5.516858e+07  1.257669e+32  6.106332e+29
5.531814e+07  1.256917e+32  6.103111e+29
5.546771e+07  1.256135e+32  6.099768e+29
5.561728e+07  1.255384e+32  6.096550e+29
5.576685e+07  1.254603e+32  6.093211e+29
5.591642e+07  1.253853e+32  6.089996e+29
5.606598e+07  1.253102e+32  6.086784e+29
5.621555e+07  1.252323e+32  6.083450e+29
5.636512e+07  1.251574e+32  6.080240e+29
5.651469e+07  1.250825e+32  6.077033e+29
5.666425e+07  1.250105e+32  6.073951e+29
5.681382e+07  1.249357e+32  6.070747e+29
5.696339e+07  1.248609e+32  6.067544e+29
5.711296e+07  1.247891e+32  6.064467e+29
5.726253e+07  1.247144e+32  6.061268e+29
5.741209e+07  1.246426e+32  6.058193e+29
5.756166e+07  1.245709e+32  6.055120e+29
5.771123e+07  1.244963e+32  6.051926e+29
5.786080e+07  1.244275e+32  6.048980e+29
5.801036e+07  1.243588e+32  6.046034e+29
5.815993e+07  1.242929e+32  6.043213e+29
5.830950e+07  1.242243e+32  6.040270e+29
5.845907e+07  1.241556e+32  6.037329e+29
5.860864e+07  1.240871e+32  6.034389e+29
5.875820e+07  1.240214e+32  6.031573e+29
5.890777e+07  1.239528e+32  6.028636e+29
5.905734e+07  1.238872e+32  6.025823e+29
5.920691e+07  1.238216e+32  6.023011e+29
5.935647e+07  1.237532e+32  6.020078e+29
5.950604e+07  1.236877e+32  6.017269e+29
5.965561e+07  1.236222e+32  6.014461e+29
5.980518e+07  1.235568e+32  6.011655e+29
5.995475e+07  1.234913e+32  6.008849e+29
6.010431e+07  1.234260e+32  6.006045e+29
6.025388e+07  1.233634e+32  6.003365e+29
6.040345e+07  1.232981e+32  6.000563e+29
6.055302e+07  1.232357e+32  5.997885e+29
6.070258e+07  1.231704e+32  5.995086e+29
6.085215e+07  1.231081e+32  5.992410e+29
6.100172e+07  1.230429e+32  5.989614e+29
6.115129e+07  1.229806e+32  5.986940e+29
6.130086e+07  1.229183e+32  5.984268e+29
6.145042e+07  1.228560e+32  5.981597e+29
6.159999e+07  1.227938e+32  5.978927e+29
6.174956e+07  1.227316e+32  5.976259e+29
6.189913e+07  1.226695e+32  5.973591e+29
6.204869e+07  1.226073e+32  5.970925e+29
6.219826e+07  1.225481e+32  5.968381e+29
6.234783e+07  1.224860e+32  5.965717e+29
6.249740e+07  1.224268e+32  5.963175e+29
6.264697e+07  1.223648e+32  5.960514e+29
6.279653e+07  1.223056e+32  5.957974e+29
6.294610e+07  1.222465e+32  5.955436e+29
6.309567e+07  1.221846e+32  5.952777e+29
6.324524e+07  1.221255e+32  5.950241e+29
6.339480e+07  1.220665e+32  5.947706e+29
6.354437e+07  1.220075e+32  5.945172e+29
6.369394e+07  1.219485e+32  5.942639e+29
6.384351e+07  1.218896e+32  5.940107e+29
6.399308e+07  1.218334e+32  5.937697e+29
6.414264e+07  1.217745e+32  5.935167e+29
6.429221e+07  1.217157e+32  5.932638e+29
6.444178e+07  1.216596e+32  5.930231e+29
6.459135e+07  1.216008e+32  5.927705e+29
6.474091e+07  1.215448e+32  5.925299e+29
6.489048e+07  1.214889e+32  5.922895e+29
6.504005e+07  1.214301e+32  5.920372e+29
6.518962e+07  1.213742e+32  5.917969e+29
6.533919e+07  1.213183e+32  5.915568e+29
6.548875e+07  1.212625e+32  5.913168e+29
6.563832e+07  1.212067e+32  5.910768e+29
6.578789e+07  1.211509e+32  5.908370e+29
6.593746e+07  1.210979e+32  5.906092e+29
6.608702e+07  1.210421e+32  5.903696e+29
6.623659e+07  1.209864e+32  5.901300e+29
6.638616e+07  1.209335e+32  5.899026e+29
6.653573e+07  1.208778e+32  5.896632e+29
6.668530e+07  1.208249e+32  5.894359e+29
6.683486e+07  1.207693e+32  5.891967e+29
